image: SDU_lab.pgm
resolution: 0.050000
origin: [-5.550000, -9.663853, 0.000000]
negate: 0
occupied_thresh: 0.65
free_thresh: 0.196

