image: lab_hallway.pgm
resolution: 0.050000
origin: [-12.026764, -4.186110, 0.000000]
negate: 0
occupied_thresh: 0.65
free_thresh: 0.196

